#bpm=115
CU,1043,0,0
CU,1565,0,0
CU,2086,0,0
CU,2608,0,0
CU,3130,4,0
CU,3652,4,0
CU,4173,4,0
CU,4695,4,0
CU,5217,1,0
CU,5739,1,0
CU,6260,1,0
CU,6782,1,0
CU,7304,2,0
CU,7826,2,0
CU,8347,2,0
CU,8869,2,0
CU,9391,0,0
CU,9913,0,0
1B,9913,4,0
CU,10434,0,0
CU,10956,0,0
1B,10956,4,0
CU,11478,3,0
1B,12000,1,0
CU,12000,3,0
CU,12521,3,0
1B,13043,1,0
CU,13043,3,0
CU,13565,0,0
1B,13956,4,0
CU,14086,0,0
1B,14478,4,0
CU,14608,0,0
1B,15000,4,0
CU,15130,0,0
CV,15521,3,0
34,15782,0,0
34,15913,2,0
34,16043,0,0
34,16304,3,0
34,16434,1,0
34,16565,3,0
34,16826,2,0
34,16956,4,0
34,17086,2,0
3E,17217,3,0
53,17739,0,0
9U,17739,4,0
9V,18000,4,0
9W,18391,1,0
9X,18521,3,0
9Y,18652,2,0
9U,18782,4,0
9V,19043,4,0
9W,19434,1,0
9X,19565,3,0
9Y,19695,2,0
9U,19826,4,0
9V,20086,4,0
9W,20478,1,0
9X,20608,3,0
9Y,20739,2,0
9Z,20869,4,0
A0,21130,3,0
A1,21260,1,0
9W,21521,3,0
9X,21652,2,0
9Y,21782,4,0
A2,21913,0,0
A3,22173,2,0
A4,22304,4,0
A5,22565,3,0
A6,22695,1,0
A2,22956,0,0
A3,23217,2,0
A4,23347,4,0
A5,23608,3,0
A6,23739,1,0
A2,24000,0,0
A3,24260,2,0
A4,24391,4,0
A5,24652,3,0
A6,24782,1,0
A2,25043,0,0
A3,25304,2,0
A4,25434,4,0
A5,25695,3,0
A6,25826,1,0
9U,26086,4,0
9V,26347,4,0
9W,26739,2,0
9X,26869,1,0
9Y,27000,3,0
9U,27130,0,0
9V,27391,0,0
9W,27782,2,0
9X,27913,3,0
9Y,28043,1,0
9U,28173,4,0
9V,28434,4,0
9W,28826,2,0
9X,28956,1,0
9Y,29086,3,0
9Z,29217,0,0
A0,29478,4,0
A1,29608,2,0
9W,29869,3,0
9X,30000,1,0
9Y,30130,2,0
A2,30260,0,0
A3,30521,2,0
A4,30652,4,0
A5,30913,3,0
A6,31043,1,0
A2,31304,0,0
A3,31565,2,0
A4,31695,4,0
A5,31956,3,0
A6,32086,1,0
A2,32347,0,0
A3,32608,2,0
A4,32739,4,0
A5,33000,3,0
A6,33130,1,0
A2,33391,0,0
A3,33652,2,0
A4,33782,4,0
A5,34043,3,0
A6,34173,1,0
53,34434,0,0
9U,34434,4,0
9V,34695,4,0
3D,34826,4,0
9W,35086,1,0
9X,35217,3,0
9Y,35347,2,0
9U,35478,4,0
9V,35739,4,0
3D,35869,4,0
9W,36130,1,0
9X,36260,3,0
9Y,36391,2,0
9U,36521,4,0
9V,36782,4,0
3V,36913,4,0
9W,37173,2,0
9X,37304,1,0
9Y,37434,3,0
9Z,37565,0,0
A0,37826,4,0
A1,37956,2,0
9W,38217,3,0
9X,38347,1,0
9Y,38478,2,0
A2,38608,0,0
A3,38869,2,0
A4,39000,4,0
A5,39260,3,0
A6,39391,1,0
4G,39521,2,0
A2,39652,0,0
A3,39913,2,0
A4,40043,4,0
A5,40304,3,0
A6,40434,1,0
4G,40565,2,0
A2,40695,0,0
A3,40956,2,0
A4,41086,4,0
A5,41347,3,0
A6,41478,1,0
4G,41608,2,0
A2,41739,0,0
A3,42000,2,0
A4,42130,4,0
A5,42391,3,0
A6,42521,1,0
4G,42652,2,0
9U,42782,4,0
9V,43043,4,0
3D,43173,4,0
9W,43434,2,0
9X,43565,1,0
9Y,43695,3,0
9U,43826,0,0
9V,44086,0,0
3D,44217,0,0
9W,44478,2,0
9X,44608,3,0
9Y,44739,1,0
9U,44869,4,0
9V,45130,4,0
3V,45260,4,0
9W,45521,2,0
9X,45652,1,0
9Y,45782,3,0
9Z,45913,0,0
A0,46173,3,0
A1,46304,1,0
9W,46565,2,0
9X,46695,1,0
9Y,46826,3,0
CW,46956,0,0
CX,47217,2,0
39,47347,4,0
CW,47478,0,0
CX,47739,1,0
39,47869,3,0
CW,48000,0,0
CX,48260,2,0
39,48391,4,0
3E,48782,4,0
52,48913,0,0
CY,49043,3,0
CZ,49304,3,0
D0,49826,1,0
D1,49956,3,0
D2,50347,3,0
53,51130,0,0
HI,51130,2,1565
3E,51652,1,0
3E,52695,1,0
HJ,53217,3,783
3E,53739,1,0
HK,54260,4,783
3E,54782,2,0
D3,55304,3,0
D4,55695,2,0
3E,55826,4,0
D5,56086,0,0
D6,56347,2,0
3E,56869,1,0
D7,57130,4,0
HL,57391,0,913
3E,57913,4,0
HM,58434,1,522
3E,58956,4,0
D8,59217,2,0
HN,59478,3,1826
3E,60000,0,0
3E,61043,0,0
HO,61565,1,783
3E,62086,3,0
HP,62608,4,783
3E,63130,2,0
D9,63652,0,0
DA,64043,4,0
3E,64173,1,0
HQ,64434,3,783
3E,65217,2,0
DB,65478,4,0
HR,65739,1,1826
3E,66260,2,0
3E,67304,4,0
34,67565,3,0
5O,67826,0,0
5Q,68086,2,0
5R,68217,4,0
5S,68478,3,0
5T,68739,1,0
5U,69130,2,0
5V,69521,4,0
5W,69913,0,0
5X,70173,1,0
5Y,70304,3,0
5Z,70565,2,0
60,70826,4,0
61,71217,4,0
62,71608,2,0
63,72000,4,0
64,72260,3,0
65,72391,1,0
66,72652,0,0
67,72913,1,0
68,73304,1,0
69,73695,3,0
6A,74086,0,0
6B,74347,1,0
6C,74478,3,0
6D,74739,2,0
6G,75000,4,0
6I,75391,1,0
6J,75782,3,0
5O,76173,4,0
5Q,76434,2,0
5R,76565,0,0
5S,76826,1,0
5T,77086,1,0
5U,77478,3,0
5V,77869,2,0
6N,78260,1,0
6O,78521,2,0
6P,78652,4,0
6Q,78913,3,0
6R,79173,3,0
6S,79565,4,0
6T,79956,2,0
63,80347,1,0
64,80608,2,0
65,80739,4,0
66,81000,2,0
67,81260,2,0
68,81652,1,0
69,82043,3,0
DC,82434,0,0
DD,82956,2,0
DE,83478,4,0
DF,84000,0,0
DG,84130,2,0
DH,84260,1,0
DI,84391,3,0
DJ,84521,0,0
DK,84782,2,0
DL,84913,4,0
DM,85173,3,0
DN,85304,1,0
DO,85565,2,0
DP,85826,4,0
DQ,85956,0,0
DR,86217,3,0
DS,86347,1,0
DT,86608,0,0
DU,86869,2,0
DV,87000,4,0
DW,87260,3,0
DX,87391,1,0
DY,87652,4,0
DZ,87913,3,0
E0,88043,1,0
E1,88304,0,0
E2,88434,2,0
E3,88695,1,0
E4,88956,2,0
E5,89086,4,0
E6,89347,3,0
E7,89478,0,0
E8,89739,2,0
E9,90000,4,0
EA,90130,0,0
EB,90391,3,0
EC,90521,1,0
ED,90782,2,0
EE,91043,1,0
EF,91173,4,0
EG,91434,3,0
EH,91565,1,0
EI,91826,0,0
EJ,92086,4,0
EK,92217,2,0
EL,92478,3,0
EM,92608,1,0
EN,92869,0,0
EO,93130,2,0
EP,93260,4,0
EQ,93391,1,0
ER,93521,3,0
ES,93652,0,0
ET,93782,2,0
EU,93913,1,0
EV,94173,0,0
EW,94304,4,0
EX,94434,1,0
EY,94565,3,0
EZ,94695,2,0
F0,94826,4,0
F1,94956,0,0
F2,95217,4,0
F3,95347,2,0
F4,95478,3,0
F5,95608,1,0
F6,95739,2,0
F7,95869,0,0
F8,96000,3,0
F9,96260,4,0
FA,96391,2,0
FB,96521,3,0
FC,96652,1,0
FD,96782,0,0
FE,96913,4,0
FF,97043,1,0
FG,97304,4,0
FH,97434,0,0
FI,97565,3,0
FJ,97695,1,0
FK,97826,3,0
FL,97956,2,0
FM,98086,4,0
FN,98347,1,0
FO,98478,3,0
FP,98608,0,0
FQ,98739,4,0
FR,98869,1,0
FS,99000,2,0
FT,99130,0,0
FU,99391,1,0
FV,99521,3,0
FW,99782,2,0
FX,99913,4,0
FY,100043,1,0
FZ,100304,4,0
G0,100434,2,0
G1,100565,3,0
G2,100826,1,0
G3,100956,3,0
34,101217,0,0
G4,101217,1,0
G5,101217,4,0
34,101739,0,0
34,102260,0,0
G6,102260,2,0
34,102782,0,0
34,103304,0,0
G7,103304,3,0
G8,103304,4,0
34,103826,0,0
34,104347,0,0
G9,104347,1,0
GA,104347,3,0
34,104869,0,0
34,105391,0,0
GB,105391,3,0
GC,105391,4,0
34,105913,0,0
34,106434,0,0
GD,106695,2,0
34,106956,0,0
GE,107086,3,0
34,107478,0,0
GF,107478,1,0
GG,107478,4,0
34,108000,0,0
34,108521,0,0
34,109043,0,0
3E,109043,3,0
34,109304,0,0
34,109565,0,0
GH,109565,1,0
GI,109565,3,0
GJ,109565,4,0
GK,110869,3,0
GL,111260,2,0
GM,111652,0,0
GN,111652,1,0
GO,112695,2,0
GP,112956,4,0
GQ,113347,3,0
GR,113739,0,0
GS,113739,2,0
GT,115826,1,0
HS,116869,0,261
HT,117130,3,261
HU,117391,1,261
HV,117652,2,2870
34,117913,0,0
34,118434,0,0
34,118956,0,0
34,119478,0,0
34,120000,0,0
34,120521,0,0
34,121043,0,0
HW,121043,4,391
HX,121434,1,391
34,121565,2,0
HY,121826,3,130
34,122086,0,783
HZ,122086,4,0
34,122608,3,0
I0,122869,4,783
34,123130,2,0
34,123652,0,0
I1,123652,1,261
I2,123913,3,1043
34,124173,0,0
34,124695,0,0
34,125217,1,261
I3,125217,4,0
I4,125478,3,261
34,125739,0,0
I5,125739,2,261
I6,126000,4,1565
34,126260,0,0
34,126782,0,0
34,127304,0,0
34,127826,0,261
I7,127826,2,0
I8,128086,3,783
34,128347,0,0
GU,128869,0,0
GV,129043,2,0
GW,129217,1,0
34,129391,0,0
GX,129391,3,0
GY,129782,2,0
34,129913,0,0
GZ,130173,3,0
34,130434,0,0
I9,130434,4,783
34,130956,0,0
IA,131217,1,783
34,131478,2,0
34,132000,3,0
IB,132000,4,130
IC,132260,0,2087
34,132521,2,0
34,133043,2,0
34,133304,2,0
34,133956,2,0
34,134347,2,0
H0,134608,4,0
AO,134739,1,0
AO,134869,4,0
3D,135000,1,0
9W,135260,2,0
9X,135391,0,0
9Y,135521,3,0
9U,135652,1,0
9V,135913,1,0
3D,136043,1,0
9W,136304,2,0
9X,136434,0,0
9Y,136565,3,0
9U,136695,1,0
9V,136956,1,0
3V,137086,1,0
9W,137347,3,0
9X,137478,0,0
9Y,137608,4,0
9Z,137739,2,0
A0,138000,3,0
A1,138130,1,0
9W,138391,2,0
9X,138521,1,0
9Y,138652,4,0
A2,138782,0,0
A3,139043,2,0
A4,139173,4,0
A5,139434,3,0
A6,139565,1,0
4G,139695,4,0
A2,139826,0,0
A3,140086,2,0
A4,140217,4,0
A5,140478,2,0
A6,140608,1,0
4G,140739,3,0
A2,140869,0,0
A3,141130,2,0
A4,141260,4,0
A5,141521,2,0
A6,141652,1,0
4G,141782,3,0
A2,141913,0,0
A3,142173,2,0
A4,142304,4,0
A5,142565,2,0
A6,142695,3,0
4G,142826,1,0
34,142956,0,0
9U,142956,4,0
9V,143217,4,0
34,143478,0,0
3E,143478,1,0
9W,143608,3,0
9X,143739,2,0
34,144000,0,0
9U,144000,4,0
9V,144260,4,0
34,144521,0,0
3E,144521,1,0
9W,144652,3,0
9X,144782,2,0
34,145043,0,0
9U,145043,4,0
9V,145304,4,0
3V,145434,4,0
34,145565,0,0
3E,145565,1,0
9W,145695,3,0
9X,145826,2,0
9Y,145956,3,0
34,146086,0,0
2Q,146086,4,0
2T,146347,2,0
34,146608,0,0
2X,146608,4,0
34,146869,1,0
30,146869,3,0
H1,147130,0,0
H2,147130,4,0
H3,147652,0,0
H4,147652,4,0
H5,148173,0,0
H6,148173,4,0
H7,148695,0,0
H8,148695,4,0
H9,149217,0,0
HA,149217,4,0
HB,149739,0,0
HC,149739,4,0
HD,150260,0,0
HE,150260,4,0
HF,150782,0,0
HG,150782,4,0
HH,151304,2,0